image: b-zgrada.pgm
resolution: 0.05
origin: [-3.970907592773443, -55.61253643035889, 0]
occupied_thresh: 0.51
free_thresh: 0.49
negate: 0
