image: test1.pgm
resolution: 0.050000
origin: [-1.467249, -1.242572, 0.000000]
negate: 0
occupied_thresh: 0.65
free_thresh: 0.196

